1104 18.010839 47.018887 299 24 43
779 20.402342 47.909554 45 10 19
714 20.549999 48.483002 315 0 15
1319 17.115999 46.566002 22 10 35
1468 18.780258 47.778851 308 22 31
1175 20.165920 46.533123 77 15 24
1641 17.819000 46.914001 292 9 28
716 20.830357 46.940563 63 15 39
490 18.020168 47.033054 280 17 41
770 21.016001 47.881001 355 18 32
794 21.216000 48.382999 68 26 38
777 20.448990 46.363514 15 20 29
19 17.559700 46.851601 0 14 35
406 20.108414 46.204071 304 12 31
1385 21.634899 48.405731 315 17 32
1161 18.996004 47.406307 225 0 0
1252 20.027176 47.782539 144 9 18
1166 17.429464 46.883312 301 10 30
1372 19.655001 47.069000 22 0 7
1444 22.105179 48.176304 82 1 1
998 20.777893 48.521496 15 6 11
717 16.939177 47.255424 329 16 39
773 21.349182 46.706440 158 5 8
1079 19.027613 46.697182 315 4 9
1254 20.742188 48.064774 16 10 25
1395 20.689219 47.891491 34 18 33
937 18.151646 46.139763 338 0 4
597 20.291256 48.210732 18 5 16
1437 19.376234 47.574238 67 1 2
837 18.470936 47.005894 355 14 22
1189 17.907822 47.089256 135 0 0
1359 20.992212 47.859707 51 19 43
1466 18.107529 46.843521 338 39 55
1328 20.129013 46.266766 135 19 28
361 18.873692 47.688549 335 28 37
1006 20.543404 48.132298 87 5 23
1203 17.703827 46.084118 0 25 31
34 20.806204 48.105648 45 15 29
1019 16.845474 46.730450 330 10 11
741 18.974035 47.550804 338 19 27
701 19.011200 46.180279 338 6 13
1600 19.867369 47.924755 45 11 28
1456 18.063326 46.915649 296 27 44
711 17.252312 46.759384 288 19 58
352 17.690063 47.574749 15 20 33
700 17.095413 46.262493 4 33 36
713 19.350872 47.482872 315 6 14
1316 17.550831 46.744801 7 62 75
1050 18.970642 47.784557 248 0 2
868 20.792883 48.132843 38 14 26
1285 19.222919 46.875549 340 4 7
1080 19.642181 46.924152 0 9 12
583 17.657948 46.774906 38 7 29
1471 18.137161 46.152084 347 10 19
1431 17.872000 47.258999 297 5 14
1454 19.185562 46.440933 356 6 9
1632 17.841631 46.832573 346 17 34
1153 21.389650 47.453255 15 2 26
1433 19.846630 47.993973 65 17 26
1313 19.078833 47.167850 0 0 0
858 18.055269 46.911541 2 22 41
1584 21.377001 48.166000 22 20 41
1500 17.584499 46.756145 36 48 50
1199 20.452166 46.209862 11 28 40
958 17.477919 46.714417 353 36 37
1191 19.499870 47.262093 75 4 7
1411 19.481483 46.932106 22 3 12
1453 21.030161 46.679893 0 42 46
1627 17.372368 46.826668 11 15 38
766 18.351974 45.789551 339 2 14
749 18.608616 47.583961 18 10 23
1193 19.539356 46.205975 0 6 9
433 21.847401 47.772099 45 22 49
1243 20.260805 46.635971 38 26 39
1008 18.952789 47.494762 336 30 39
1624 18.042311 47.815022 270 15 27
1015 16.600212 47.255989 77 10 15
870 21.390181 47.455578 14 38 59
1438 20.241365 46.630344 42 18 32
1216 22.516823 48.016338 38 12 27
1347 18.829128 47.541454 10 19 37
1000 17.018574 47.236370 322 33 47
405 25.292587 46.304852 45 10 23
1152 19.676706 47.875137 68 27 30
1441 18.618999 47.206116 315 40 46
1188 22.513454 47.983948 58 16 22
812 19.144363 48.021622 322 6 11
745 17.784695 46.817600 15 30 45
984 17.789591 46.360970 351 14 28
1187 18.115999 47.750000 359 4 10
1133 17.283001 47.866001 340 12 24
428 20.750000 47.216000 54 4 18
726 18.185635 46.068825 338 12 24
1068 17.931814 47.206661 298 27 49
1296 17.879486 46.847893 34 17 36
389 20.630951 47.370918 343 14 34
1426 19.920687 46.320194 20 22 34
938 18.947290 46.550194 338 0 5
729 17.788000 46.355999 45 0 8
1062 17.987310 47.638103 348 28 48
1183 18.703291 46.351768 22 0 6
358 19.027548 47.502735 338 0 8
917 20.063438 47.818916 50 10 29
1286 18.046074 46.907005 75 0 0
1151 17.730759 47.254902 0 2 25
1499 18.281830 47.157127 347 16 39
1218 16.833000 46.632999 11 25 54
1172 20.743999 48.299999 347 3 20
1179 17.182016 47.181545 317 35 51
14 16.481943 47.364056 351 38 75
380 17.615999 47.132999 317 23 48
820 19.763075 47.908863 15 9 25
1063 17.498314 47.521187 342 13 40
727 19.288559 46.622562 338 6 8
1212 17.736084 46.385498 9 20 40
1640 17.754377 46.881180 351 19 56
975 17.789783 46.361145 297 14 29
1464 21.096834 46.352238 45 44 50
935 17.893751 46.913589 22 3 44
789 21.523848 46.869492 15 17 38
1308 17.887749 46.858963 315 19 36
1299 18.337137 46.840412 0 15 22
1204 21.027000 46.830002 325 26 32
1394 18.066000 46.910000 15 33 62
453 19.132999 47.783001 158 6 17
388 22.393570 48.044464 45 19 26
1557 20.056164 46.065563 9 18 25
577 19.928856 47.779251 45 1 12
1459 18.804646 46.943466 352 2 4
1340 21.731169 47.899368 17 41 41
920 19.895039 47.917240 21 12 18
688 19.729065 47.576656 69 9 20
993 18.351288 46.155579 45 6 24
395 20.003700 46.249435 0 28 39
483 18.282967 46.632935 303 10 24
756 17.699615 46.780766 345 16 37
1195 17.707279 46.793697 34 7 29
1352 20.509415 46.226818 20 16 37
838 18.086929 46.863594 315 38 55
1331 18.061846 46.903046 97 7 39
898 17.871719 47.263718 19 10 36
491 17.959213 47.473125 317 39 50
475 17.930002 47.213425 255 10 24
1373 18.833357 47.408607 338 21 28
582 18.682938 46.481373 2 7 13
710 20.200300 47.147121 315 6 26
772 16.952248 46.423187 32 9 46
778 21.903992 47.626530 15 14 33
1323 18.043028 47.814781 313 17 46
1076 19.348000 47.613998 59 14 14
584 20.223042 47.130360 36 28 32
1332 18.429831 46.268505 239 3 10
944 18.256001 47.370338 345 20 28
1525 18.220127 46.099129 349 34 55
1265 20.007000 47.870998 61 15 21
1084 16.793539 46.883362 355 23 26
817 17.831497 47.426693 18 17 35